1 0.454688 0.611806 0.455208 0.616667 0.457292 0.614583 0.459896 0.615972 0.459896 0.622917 0.454688 0.636111 0.452083 0.647917 0.451562 0.664583 0.452604 0.680556 0.454167 0.686111 0.460938 0.684722 0.463542 0.677778 0.468750 0.675000 0.474479 0.674306 0.479167 0.676389 0.486458 0.672222 0.489583 0.673611 0.506250 0.672222 0.511979 0.677778 0.513021 0.685417 0.518229 0.686111 0.519271 0.684722 0.518750 0.675000 0.520312 0.669444 0.522396 0.667361 0.526563 0.666667 0.528125 0.664583 0.528646 0.630556 0.527604 0.621528 0.530208 0.618056 0.529687 0.613889 0.525521 0.614583 0.522396 0.612500 0.518750 0.605556 0.513542 0.600000 0.482812 0.597917 0.469792 0.600000 0.466667 0.602778 0.463021 0.611111
1 0.650000 0.435417 0.642708 0.447917 0.637500 0.466667 0.634896 0.486806 0.635938 0.497917 0.640104 0.500000 0.649479 0.495139 0.669271 0.495139 0.684375 0.497222 0.689063 0.503472 0.693750 0.503472 0.696875 0.491667 0.701562 0.483333 0.701562 0.456944 0.697917 0.450694 0.693750 0.451389 0.692708 0.450000 0.692187 0.440278 0.689583 0.437500 0.682813 0.434722 0.668229 0.432639 0.657292 0.432639
1 0.675000 0.340972 0.670833 0.349306 0.662500 0.377083 0.660937 0.389583 0.662500 0.391667 0.677083 0.391667 0.689583 0.393750 0.694792 0.395833 0.701562 0.401389 0.703125 0.398611 0.701562 0.393750 0.702604 0.386806 0.709375 0.377083 0.715625 0.358333 0.715625 0.350000 0.714063 0.345139 0.709896 0.340278 0.705729 0.338889 0.679167 0.338889
1 0.665625 0.329861 0.664062 0.340278 0.664062 0.349306 0.665625 0.354167 0.670312 0.352778 0.673438 0.343056 0.679167 0.338889 0.708333 0.339583 0.715104 0.348611 0.716146 0.352083 0.720833 0.351389 0.722396 0.346528 0.721354 0.329861 0.717708 0.322917 0.714063 0.299306 0.711979 0.297917 0.684896 0.295833 0.681250 0.297917 0.675000 0.307639
0 0.231250 0.368750 0.230208 0.370833 0.230729 0.424306 0.235417 0.428472 0.236458 0.432639 0.244271 0.433333 0.245312 0.429167 0.241667 0.424306 0.242188 0.418750 0.237500 0.403472 0.239063 0.391667 0.234896 0.382639 0.234375 0.371528 0.232813 0.368750
0 0.725000 0.488889 0.721354 0.490972 0.720313 0.506944 0.715625 0.527083 0.715625 0.534722 0.720313 0.539583 0.720313 0.544444 0.722917 0.553472 0.722396 0.562500 0.719792 0.566667 0.719792 0.570833 0.724479 0.570833 0.727604 0.568750 0.727604 0.539583 0.730208 0.534722 0.732812 0.514583 0.731771 0.500000
1 0.646875 0.418750 0.650521 0.431250 0.683854 0.432639 0.692187 0.425000 0.689583 0.408333 0.685937 0.405556 0.654167 0.402083 0.651563 0.404167
1 0.409375 0.823611 0.407292 0.825000 0.404687 0.850694 0.403125 0.854861 0.403125 0.861111 0.401042 0.865972 0.401042 0.870833 0.403646 0.877083 0.410417 0.886806 0.409896 0.893750 0.411458 0.895139 0.414583 0.903472 0.415625 0.909722 0.419271 0.913194 0.424479 0.912500 0.435937 0.898611 0.439063 0.863889 0.443750 0.859722 0.447917 0.848611 0.451042 0.846528 0.451042 0.845139 0.447396 0.845139 0.443750 0.840278 0.439583 0.843056 0.438021 0.837500 0.431771 0.837500 0.428646 0.835417 0.424479 0.827083 0.420312 0.822917
1 0.501563 0.788194 0.501042 0.790278 0.503125 0.793750 0.497917 0.796528 0.491667 0.809722 0.491146 0.816667 0.492188 0.820833 0.496875 0.824306 0.508854 0.829167 0.513542 0.834028 0.529167 0.840972 0.533333 0.845833 0.537500 0.847917 0.540104 0.852083 0.545312 0.855556 0.547917 0.862500 0.547917 0.865972 0.552604 0.876389 0.556771 0.875000 0.557813 0.868750 0.560937 0.861806 0.564063 0.845833 0.563542 0.833333 0.564583 0.830556 0.562500 0.827083 0.564063 0.814583 0.560937 0.812500 0.559896 0.804861 0.552083 0.789583 0.550000 0.788194 0.517708 0.786806
1 0.578958 0.708472 0.604271 0.685972 0.624010 0.678611 0.646875 0.683889 0.665000 0.690139 0.679844 0.704931 0.689583 0.715972 0.690625 0.723611 0.694271 0.730556 0.694271 0.752778 0.692708 0.758333 0.690104 0.761806 0.678125 0.757431 0.670833 0.754167 0.656458 0.767708 0.650990 0.780833 0.643073 0.790278 0.622188 0.777014 0.608698 0.775417 0.592760 0.774028 0.588594 0.781944 0.573750 0.778125 0.567708 0.758403 0.568906 0.734444
1 0.426563 0.575000 0.419792 0.572222 0.409375 0.556944 0.404167 0.558333 0.399479 0.555556 0.396875 0.557639 0.391146 0.557639 0.389062 0.556250 0.386458 0.557639 0.375000 0.557639 0.368750 0.559028 0.363542 0.563889 0.357812 0.572917 0.353646 0.576389 0.352604 0.579861 0.354167 0.586806 0.352604 0.590278 0.347396 0.618056 0.347396 0.632639 0.349479 0.648611 0.357812 0.649306 0.361458 0.642361 0.375521 0.639583 0.404687 0.639583 0.409375 0.646528 0.413021 0.648611 0.416667 0.648611 0.418229 0.644444 0.419271 0.629861 0.420312 0.628472 0.428125 0.628472 0.429167 0.623611 0.428646 0.589583 0.426563 0.581944
