1 0.555469 0.741379 0.553125 0.748768 0.548438 0.753695 0.545312 0.769704 0.539062 0.772167 0.536719 0.777094 0.536719 0.784483 0.540625 0.790640 0.539062 0.800493 0.539844 0.863300 0.545312 0.870690 0.547656 0.878079 0.553125 0.878079 0.560156 0.866995 0.572656 0.862069 0.594531 0.865764 0.607812 0.864532 0.620313 0.870690 0.626563 0.880542 0.632812 0.879310 0.635938 0.870690 0.635938 0.811576 0.632031 0.804187 0.631250 0.796798 0.634375 0.789409 0.639062 0.788177 0.639062 0.777094 0.627344 0.777094 0.620313 0.752463 0.615625 0.742611 0.607031 0.733990 0.586719 0.732759 0.583594 0.730296 0.568750 0.735222 0.564063 0.733990
0 0.475000 0.705665 0.471094 0.705665 0.466406 0.717980 0.464062 0.737685 0.464062 0.751232 0.466406 0.756158 0.461719 0.777094 0.462500 0.784483 0.467969 0.782020 0.467969 0.772167 0.471094 0.762315 0.474219 0.769704 0.475781 0.782020 0.477344 0.784483 0.482812 0.782020 0.475781 0.754926
0 0.705469 0.737685 0.700781 0.740148 0.696094 0.750000 0.692187 0.779557 0.693750 0.799261 0.689844 0.811576 0.690625 0.823892 0.696094 0.828818 0.696094 0.839901 0.700781 0.842365 0.703125 0.839901 0.703906 0.827586 0.707031 0.818966 0.707812 0.794335 0.710156 0.788177 0.710156 0.782020 0.713281 0.777094 0.717187 0.778325 0.718750 0.775862 0.717187 0.770936 0.712500 0.768473 0.709375 0.743842
0 0.880469 0.748768 0.877344 0.752463 0.875000 0.761084 0.878125 0.783251 0.872656 0.852217 0.876563 0.857143 0.876563 0.875616 0.887500 0.910099 0.878906 0.923645 0.880469 0.926108 0.888281 0.927340 0.900781 0.926108 0.900781 0.891626 0.896875 0.864532 0.896875 0.854680 0.900781 0.849754 0.897656 0.788177 0.896094 0.782020 0.887500 0.767241 0.889062 0.754926 0.886719 0.750000
0 0.954688 0.778325 0.948438 0.786946 0.954688 0.806650 0.952344 0.846059 0.949219 0.865764 0.953906 0.879310 0.950781 0.897783 0.942187 0.915025 0.936719 0.918719 0.935937 0.923645 0.941406 0.932266 0.947656 0.934729 0.959375 0.907635 0.962500 0.895320 0.967187 0.887931 0.976562 0.918719 0.975781 0.935961 0.985156 0.935961 0.989844 0.931034 0.989844 0.927340 0.973437 0.866995 0.975000 0.858374 0.982812 0.849754 0.982812 0.838670 0.975781 0.815271 0.964844 0.794335 0.963281 0.780788 0.959375 0.777094
0 0.989062 0.777094 0.985938 0.784483 0.985938 0.794335 0.988281 0.802956 0.985938 0.826355 0.986719 0.871921 0.991406 0.891626 0.992188 0.905172 0.990625 0.918719 0.995313 0.924877 1.000000 0.924877 1.000000 0.782020 0.995313 0.777094
0 0.756250 0.711823 0.751563 0.713054 0.753125 0.719212 0.750781 0.722906 0.752344 0.740148 0.750781 0.752463 0.751563 0.784483 0.753906 0.786946 0.751563 0.794335 0.755469 0.793103 0.761719 0.783251 0.760938 0.762315 0.764844 0.748768 0.764062 0.725369 0.761719 0.717980
0 0.337500 0.708128 0.332813 0.716749 0.328906 0.736453 0.329688 0.764778 0.332813 0.793103 0.332031 0.799261 0.342969 0.800493 0.345313 0.796798 0.344531 0.762315 0.348438 0.746305 0.348438 0.736453 0.345313 0.720443
0 0.142969 0.710591 0.141406 0.719212 0.134375 0.729064 0.130469 0.752463 0.135156 0.756158 0.139063 0.769704 0.142969 0.791872 0.142187 0.802956 0.146875 0.802956 0.149219 0.766010 0.152344 0.757389 0.152344 0.748768 0.154688 0.745074 0.154688 0.731527 0.150000 0.726601 0.146875 0.710591
0 0.109375 0.709360 0.107031 0.711823 0.107031 0.726601 0.103906 0.736453 0.103906 0.779557 0.108594 0.786946 0.108594 0.799261 0.115625 0.800493 0.118750 0.780788 0.119531 0.731527 0.115625 0.714286
0 0.677344 0.711823 0.673438 0.729064 0.675000 0.763547 0.677344 0.774631 0.676562 0.782020 0.682813 0.784483 0.685156 0.726601 0.682031 0.713054
0 0.665625 0.681034 0.660156 0.694581 0.659375 0.701970 0.662500 0.713054 0.663281 0.724138 0.667188 0.726601 0.669531 0.724138 0.671094 0.695813
0 0.225000 0.695813 0.228125 0.700739 0.228125 0.726601 0.221094 0.733990 0.219062 0.747660 0.216406 0.701970 0.223984 0.689163
1 0.274219 0.812808 0.271094 0.810345 0.264062 0.791872 0.256250 0.782020 0.252344 0.784483 0.204687 0.783251 0.185156 0.791872 0.180469 0.800493 0.172656 0.804187 0.173437 0.811576 0.161719 0.822660 0.164844 0.836207 0.160156 0.849754 0.157031 0.874384 0.157031 0.887931 0.160938 0.910099 0.163281 0.912562 0.171094 0.912562 0.175781 0.902709 0.189062 0.900246 0.244531 0.899015 0.249219 0.906404 0.256250 0.906404 0.259375 0.899015 0.259375 0.891626 0.262500 0.881773 0.265625 0.883005 0.269531 0.892857 0.276562 0.894089 0.279687 0.889163 0.279687 0.842365
1 0.575000 0.717980 0.565625 0.710591 0.548438 0.710591 0.542969 0.713054 0.535156 0.726601 0.535156 0.763547 0.543750 0.763547 0.547656 0.757389 0.549219 0.748768 0.560937 0.730296 0.576562 0.730296 0.577344 0.724138
1 0.505469 0.695813 0.501563 0.705665 0.500781 0.731527 0.507812 0.732759 0.510938 0.727833 0.521094 0.727833 0.525000 0.732759 0.532031 0.732759 0.532031 0.711823 0.522656 0.693350 0.509375 0.692118
1 0.472656 0.700739 0.475781 0.710591 0.475000 0.731527 0.476562 0.743842 0.490625 0.745074 0.492188 0.730296 0.487500 0.706897 0.482812 0.700739
1 0.487500 0.704433 0.479687 0.699507 0.461719 0.703202 0.457031 0.716749 0.457031 0.745074 0.463281 0.743842 0.466406 0.719212 0.471875 0.706897 0.474219 0.706897 0.475781 0.711823 0.475000 0.725369 0.476562 0.742611 0.480469 0.745074 0.490625 0.745074 0.492188 0.726601
1 0.430469 0.693350 0.425000 0.705665 0.425781 0.720443 0.428906 0.722906 0.433594 0.719212 0.441406 0.719212 0.447656 0.722906 0.447656 0.703202 0.445312 0.694581 0.442969 0.690887 0.438281 0.689655
1 0.356250 0.693350 0.354687 0.708128 0.357812 0.716749 0.358594 0.729064 0.368750 0.725369 0.376563 0.727833 0.378906 0.721675 0.382031 0.720443 0.381250 0.705665 0.374219 0.690887 0.359375 0.689655
4 0.252344 0.650246 0.250781 0.660099 0.252344 0.682266 0.254688 0.692118 0.253125 0.701970 0.254688 0.705665 0.255469 0.762315 0.257031 0.768473 0.256250 0.775862 0.259375 0.786946 0.275000 0.796798 0.282813 0.790640 0.291406 0.789409 0.309375 0.794335 0.313281 0.800493 0.320312 0.800493 0.328906 0.786946 0.328125 0.752463 0.326562 0.748768 0.330469 0.721675 0.336719 0.703202 0.335938 0.645320 0.333594 0.642857 0.271094 0.644089
3 0.394531 0.682266 0.392188 0.685961 0.390625 0.698276 0.392188 0.717980 0.407031 0.711823 0.414062 0.716749 0.415625 0.714286 0.414062 0.683498 0.412500 0.681034
