1 0.625455 0.655738 0.621818 0.743169 0.640000 0.759563 0.650909 0.797814 0.792727 0.803279 0.800000 0.792350 0.796364 0.726776 0.770909 0.672131 0.734545 0.622951 0.643636 0.622951
1 0.447273 0.628415 0.407273 0.737705 0.407273 0.819672 0.549091 0.825137 0.549091 0.704918 0.527273 0.628415
1 0.185455 0.759563 0.192727 0.775956 0.290909 0.770492 0.320000 0.797814 0.338182 0.792350 0.356364 0.748634 0.385455 0.737705 0.385455 0.639344 0.374545 0.601093 0.254545 0.601093 0.218182 0.666667 0.196364 0.683060
1 0.625455 0.628415 0.636364 0.633880 0.672727 0.617486 0.680000 0.595628 0.665455 0.568306 0.636364 0.568306 0.625455 0.590164
1 0.563636 0.573770 0.560000 0.590164 0.585455 0.595628 0.603636 0.655738 0.610909 0.655738 0.614545 0.606557 0.607273 0.579235
1 0.250909 0.606557 0.210909 0.601093 0.141818 0.617486 0.069091 0.699454 0.069091 0.759563 0.181818 0.754098 0.189091 0.699454
1 0.367273 0.584699 0.385455 0.628415 0.389091 0.688525 0.414545 0.693989 0.429091 0.661202 0.429091 0.612022 0.418182 0.617486 0.421818 0.584699
1 0.680000 0.601093 0.680000 0.617486 0.738182 0.628415 0.767273 0.672131 0.789091 0.666667 0.774545 0.606557 0.756364 0.590164 0.694545 0.590164
1 0.534545 0.606557 0.538182 0.661202 0.556364 0.677596 0.603636 0.677596 0.600000 0.622951 0.589091 0.595628 0.563636 0.590164
1 0.821818 0.622951 0.821818 0.666667 0.832727 0.710383 0.858182 0.710383 0.890909 0.743169 0.963636 0.726776 1.000000 0.732240 1.000000 0.650273 0.985455 0.644809 0.949091 0.595628 0.840000 0.590164
1 0.800000 0.595628 0.781818 0.606557 0.792727 0.628415 0.781818 0.699454 0.792727 0.715847 0.803636 0.693989 0.818182 0.688525 0.821818 0.612022
