0 0.025391 0.489583 0.021484 0.500000 0.027344 0.518229 0.007812 0.544271 0.009766 0.583333 0.033203 0.598958 0.078125 0.598958 0.082031 0.588542 0.062500 0.562500 0.052734 0.528646 0.054688 0.502604 0.050781 0.486979 0.035156 0.484375
0 0.667969 0.479167 0.648438 0.526042 0.648438 0.565104 0.642578 0.596354 0.648438 0.591146 0.654297 0.593750 0.660156 0.643229 0.656250 0.679688 0.667969 0.690104 0.671875 0.674479 0.687500 0.684896 0.685547 0.700521 0.695312 0.700521 0.693359 0.684896 0.701172 0.679688 0.701172 0.619792 0.697266 0.583333 0.693359 0.578125 0.701172 0.554688 0.701172 0.523438 0.679688 0.484375
0 0.408203 0.453125 0.402344 0.458333 0.402344 0.481771 0.412109 0.500000 0.402344 0.523438 0.396484 0.583333 0.410156 0.692708 0.400391 0.705729 0.431641 0.710938 0.445312 0.705729 0.433594 0.635417 0.433594 0.606771 0.439453 0.596354 0.439453 0.510417 0.423828 0.481771 0.425781 0.460938 0.417969 0.453125
0 0.091797 0.505208 0.089844 0.520833 0.095703 0.528646 0.095703 0.539062 0.083984 0.546875 0.078125 0.559896 0.082031 0.596354 0.128906 0.601562 0.140625 0.617188 0.132812 0.578125 0.138672 0.567708 0.136719 0.549479 0.119141 0.531250 0.111328 0.505208
0 0.138672 0.520833 0.136719 0.578125 0.142578 0.591146 0.146484 0.627604 0.154297 0.627604 0.154297 0.541667 0.148438 0.526042
0 0.316406 0.515625 0.310547 0.515625 0.306641 0.523438 0.306641 0.559896 0.316406 0.557292
0 0.210938 0.481771 0.197266 0.484375 0.197266 0.510417 0.181641 0.526042 0.177734 0.541667 0.175781 0.609375 0.185547 0.625000 0.177734 0.718750 0.189453 0.718750 0.195312 0.710938 0.201172 0.653646 0.207031 0.638021 0.212891 0.653646 0.214844 0.705729 0.218750 0.713542 0.232422 0.710938 0.228516 0.703125 0.230469 0.570312 0.224609 0.518229 0.216797 0.507812 0.216797 0.492188
0 0.271484 0.447917 0.261719 0.447917 0.255859 0.458333 0.253906 0.476562 0.232422 0.492188 0.226562 0.507812 0.226562 0.546875 0.234375 0.580729 0.238281 0.627604 0.234375 0.723958 0.228516 0.731771 0.232422 0.739583 0.248047 0.736979 0.250000 0.690104 0.263672 0.627604 0.273438 0.638021 0.298828 0.716146 0.304688 0.723958 0.312500 0.718750 0.306641 0.666667 0.294922 0.625000 0.289062 0.562500 0.298828 0.552083 0.302734 0.536458 0.292969 0.500000 0.275391 0.481771 0.277344 0.455729
0 0.435547 0.463542 0.429688 0.481771 0.439453 0.507812 0.435547 0.643229 0.445312 0.695312 0.457031 0.695312 0.460938 0.682292 0.447266 0.674479 0.451172 0.570312 0.458984 0.559896 0.455078 0.526042 0.462891 0.518229 0.472656 0.523438 0.474609 0.515625 0.455078 0.507812 0.449219 0.492188 0.451172 0.471354 0.445312 0.463542
0 0.353516 0.497396 0.347656 0.500000 0.347656 0.515625 0.339844 0.541667 0.351562 0.617188 0.345703 0.638021 0.357422 0.638021 0.363281 0.622396 0.369141 0.635417 0.373047 0.632812 0.371094 0.583333 0.361328 0.559896 0.359375 0.502604
0 0.380859 0.471354 0.376953 0.489583 0.361328 0.510417 0.359375 0.541667 0.365234 0.575521 0.373047 0.593750 0.378906 0.671875 0.386719 0.671875 0.386719 0.588542 0.390625 0.588542 0.398438 0.614583 0.402344 0.614583 0.394531 0.588542 0.398438 0.572917 0.398438 0.523438 0.406250 0.518229 0.406250 0.510417 0.394531 0.494792 0.392578 0.473958
1 0.128906 0.604167 0.039062 0.601562 0.000000 0.583333 0.000000 0.945312 0.041016 0.924479 0.105469 0.872396 0.136719 0.841146 0.158203 0.809896 0.164062 0.786458 0.166016 0.736979 0.160156 0.713542 0.152344 0.703125 0.152344 0.664062 0.146484 0.638021
1 0.693359 0.505208 0.695312 0.518229 0.703125 0.526042 0.703125 0.549479 0.695312 0.567708 0.703125 0.635417 0.802734 0.632812 0.828125 0.638021 0.843750 0.622396 0.843750 0.585938 0.837891 0.565104 0.828125 0.552083 0.800781 0.533854 0.773438 0.502604 0.705078 0.500000
1 0.964844 0.552083 0.960938 0.513021 0.937500 0.473958 0.898438 0.473958 0.837891 0.489583 0.828125 0.518229 0.812500 0.533854 0.812500 0.541667 0.839844 0.562500 0.859375 0.559896 0.873047 0.583333 0.886719 0.580729 0.898438 0.562500 0.925781 0.557292 0.933594 0.559896 0.941406 0.572917 0.953125 0.572917
